dataset: robomind/franka_3rgb
tasks: [place_in_bread_in_basket, place_in_pick_up_and_throw_away, slide_close_drawer_1]
cameras:
  observation.images.camera_top:
    intrinsic:
    - [821.29034, 0, 640]
    - [0, 821.29034, 360]
    - [0, 0, 1]
    extrinsic:
    - [-0.0085596, 0.99977, -0.019834, -0.083733]
    - [0.93288, 0.00084132, -0.36019, -0.60589]
    - [-0.36009, -0.021585, -0.93267, 1.2672]
    - [0, 0, 0, 1]
  observation.images.camera_left:
    intrinsic:
    - [597.5103, 0, 320]
    - [0, 597.51025, 240]
    - [0, 0, 1]
    extrinsic:
    - [-0.7693, -0.5675, 0.2934, 0.4529]
    - [-0.3603, 0.0062, -0.9328, 0.514]
    - [0.5275, -0.8234, -0.2093, 0.8179]
    - [0, 0, 0, 1]
  observation.images.camera_right:
    intrinsic:
    - [565.74756, 0, 320]
    - [0, 565.74756, 240]
    - [0, 0, 1]
    extrinsic:
    - [0.5391, -0.8344, -0.1147, -0.452]
    - [-0.53, -0.2302, -0.8162, 0.57]
    - [0.6546, 0.5008, -0.5663, 0.7847]
    - [0, 0, 0, 1]
