dataset: robomind/franka_3rgb
tasks: [close_cap_tool_box, close_cap_trash_can_1, close_cap_trash_can_2, close_drawer,
  close_trash, open_cap_tool_box, open_cap_trash_can, open_cap_trash_can_2, open_drawer,
  open_trash, pick_apple_into_chest, pick_bread_desk, pick_bread_into_plate, pick_drawer_tool,
  place_in_block_1, place_in_block_tennis_ball, place_in_cylinder, place_in_fruit,
  place_in_fruit_bread, place_in_fruit_in_basket, place_in_fruit_on_table, place_in_rectangular_prism,
  place_in_shape, place_in_trash, place_trash, pull_across_pull_in_basket, push_across_push_away_basket,
  rotate_close_cabinet, rotate_open_cabinet, slide_close_cabinet, slide_open_cabinet]
cameras:
  observation.images.camera_top:
    intrinsic:
    - [601.61096, 0, 320]
    - [0, 601.6109, 240]
    - [0, 0, 1]
    extrinsic:
    - [-0.0471, 0.9989, -0.0033, -0.0831]
    - [0.9112, 0.0416, -0.4098, -0.5489]
    - [-0.4092, -0.0223, -0.9122, 1.3287]
    - [0, 0, 0, 1]
  observation.images.camera_left:
    intrinsic:
    - [562.6102, 0, 320]
    - [0, 562.6102, 240]
    - [0, 0, 1]
    extrinsic:
    - [-0.8383, -0.538, -0.0882, 0.5945]
    - [-0.2175, 0.4783, -0.8509, 0.4496]
    - [0.5, -0.6941, -0.5179, 0.8438]
    - [0, 0, 0, 1]
  observation.images.camera_right:
    intrinsic:
    - [563.9307, 0, 320]
    - [0, 563.9307, 240]
    - [0, 0, 1]
    extrinsic:
    - [0.657, -0.7288, -0.1929, -0.3486]
    - [-0.5179, -0.2504, -0.818, 0.7135]
    - [0.5479, 0.6373, -0.5419, 0.6929]
    - [0, 0, 0, 1]
